1801.43
1778.43
1785.35
1792.27
1786.56
1819.31
1848.1
1830.48
1824.85
1810.68
1795.69
1833.88
1833.29
1844.33
1819.93
1812.92
1823.77
1829.08
1828.93
1812.33
1796.53
1797.45
1822.99
1832.16
1831.11
1840.74
1860.88
1907.51
1900.1
1891.56
1904.46
1887.68
1871.35
1864.1
1872.63
1871.74
1889.08
1922.19
1924.16
1951.08
1944.02
1928.87
1909.04
1918.52
1922.01
1912.02
1947.8
1956.88
1960.57
1966.69
1954.8
1910.33
1897.29
1903.83
1889.81
1877.82
1885.8
1890.18
1890.03
1893.39
1844.02
1845.48
1840.71
1832.12
1832.79
1851.06
1861.93
1863.92
1872.2
1887.41
1916.14
1903.36
1910.72
1935.65
1966.72
1963.48
1951.05
1967.09
1964.42
1960.81
1973.93
2021.15
2045.06
2045.66
2076.89
2062.32
2054.25
2075.98
2118.49
2092.33
2088.8
2015.14
2028.54
2052.94
2063.67
2053.34
2092.51
2065.11
2033.63
2011.62
2013.09
1963.92
1951.88
1970.17
1932.68
1970.01
1964.36
1968.88
1969.73
1979.56
1998.33
1988.63
1985.4
1998.97
2015.92
1991.34
1994.95
1992.16
1985.67
1965.18
1952.43
1909.01
1909.59
1890.24
1918.36
1931.42
1932.33
1911.65
1876.53
1855.22
1858.99
1861.36
1862.15
1873.27
1874.04
1868.84
1837.1
1836.7
1846.48
1828.23
1824.99
1830.63
1868
1876.38
1884.68
1883.63
1873.87
1876.47
1915.07
1918.47
1917.09
1894.83
1921.63
1940.17
1969.51
1979.9
1972.93
1983.21
1989.72
2002.78
1980.95
2011.39
2010.4
2029.99
2031.84
2034.51
2065.87
2056.27
2031.67
2016.6
2029.62
2025.37
2047.3
2068.7
2088.81
2075.62
2078.51
2049.76
2077.18
2075.51
2106.26
2127.1
2131.3
2124.25
2107.65
2119.35
2138.96
2126.91
2111.05
2129.64
2144.09
2164.65
2183.75
2202.53
2223.3
2269.59
2234.64
2238.88
2238.65
2276.24
2272.85
2248.62
2243.57
2227.47
2252.76
2228.99
2198.55
2198.05
2210.78
2212.11
2210.69
2205.29
2230.46
2245.3
2268.87
2271.85
2321.28
2328.01
2307.38
2324.82
2325.92
2311
2345.36
2379.55
2376.95
2384.84
2423.38
2453.63
2507.41
2497.64
2476.24
2473.77
2456.56
2486.45
2514.84
2482.69
2484.42
2518.73
2564.88
2554.79
2508.9
2418.65
2421.12
2419.7
2460.08
2432.18
2336.38
2318.77
2338.46
2346.82
2293.23
2334.17
2323.23
2339.41
2360.77
2340.24
2302.53
2316.55
2339.28
2415.79
2452.65
2468.59
2459.42
2443.07
2447.31
2440.67
2451.93
2444.58
2446.7
2501.28
2500.37
2471.61
2452.2
2466.47
2467.49
2479.97
2504.79
2511.87
2525.39
2539.8
2581.72
2570.98
2546.78
2569.45
2564.56
2558.19
2572.49
2566.23
2601.96
2583.71
2596.16
2604.88
2642.61
2648.08
2641.33
2662.32
2699.07
2683.29
2693.75
2654.95
2694.92
2749.46
2829.38
2825.71
2854.25
2835.53
2797.09
2850.35
2833.16
2785.54
2835.21
2831.09
2808.8
2886.48
2909.77
2903.69
2907.05
2953.72
2923.61
2937.66
2937.92
2804.92
2823.09
2819.26
2760.65
2837.48
2852.57
2828.54
2840.24
2791.75
2768.02
2790.37
2813.91
2762.93
2859.61
2906.41
2897.71
2896.04
2899.8
2941.38
2955.74
2836.51
2876.12
2904.62
2886.51
2908.82
2842.63
2769.73
2776.08
2757.95
2759.41
2727.77
2773.21
2833.52
2831.34
2826.05
2806.52
2791.97
2836.91
2847.82
2874.58
2830.39
2827.22
2864.53
2864.83
2912.05
2918.07
2899.24
2921.21
2974.21
2987.89
2970.61
2998.18
3023.69
3081.25
3070.81
3149.33
3185.67
3229.22
3220.83
3262.83
3167.13
3193.27
3186.5
3254.1
3282.02
3327.19
3265.93
3252.48
3347.83
3298.03
3180.28
3163.02
3065.42
3052.59
3031.52
2862.68
2913.11
2794.06
2843.49
2880.16
2867.85
2827.39
2812.26
2837.98
2912.81
2933.68
2855.91
2849.59
2777.33
2736.85
2641.02
2545.87
2536.93
2553.32
2622.4
2619.38
2632.24
2606.03
2619.05
2665.2
2795
2850.48
2842.29
2889.67
2895.66
2910.84
2845.06
2935.92
3004.64
3046.17
3015.5
3066.26
2930.5
2919.45
2866.86
2917.75
2934.78
3045.11
3024.01
3035.74
3059.43
3075.32
3186.32
3191.3
3191.25
3126.34
3097.77
2995.47
3036.78
3005.78
2998.53
3070.78
3004.83
2917.38
2937.03
2979.21
2947.12
2962.37
2965.56
2989.22
2988.14
2934.91
2905.33
2891.17
2963.76
3001.61
2961.4
2970.9
3087.07
3103.45
3066.87
3024.19
2996.65
2967.2
3014.62
3044.06
3009.67
3003.11
3035.94
3009.51
2962.07
2942.47
2914.2
2939.04
2946.06
2923.72
2949.13
2918.83
2931.5
2916.21
2937.03
2995.62
2990.8
3029.53
3090.86
3103.11
3153.17
3180.72
3184.38
3128.55
3200.47
3210.35
3173.35
3156.94
3153.89
3170.73
3196.34
3146.13
3098.16
3106.86
3092.55
3123.61
3193.3
3251.01
3236.14
3240.16
3189.99
3190.07
3186.54
3120.03
3148.31
3125.06
3125.07
3159.51
3217.91
3209.66
3194.58
3179.16
3168.98
3241.83
3217.41
3232.61
3324.23
3395.46
3374.65
3406.94
3392.1
3389.16
3366.03
3372.85
3397.3
3410.06
3429.79
3322.19
3302.72
3308.32
3253.74
3323.78
3306.14
3285.49
3347.75
3342.86
3276.78
3202.15
3197.61
3198.45
3148.68
3240.3
3262.98
3336.54
3331.36
3322.61
3437.89
3457.94
3416.03
3431.88
3425.08
3398.87
3405.02
3424.28
3424.3
3483.04
3549.33
3523.46
3527.44
3510.98
3510.6
3406.72
3417.38
3344.45
3412.49
3418.82
3393.12
3374.21
3431.36
3392.68
3434.33
3509.03
3508.99
3481.02
3325.47
3241.99
3213.71
3242.12
3179.47
3203.36
3173.93
3288.98
3269.84
3274.16
3249.64
3277.56
3288.16
3314.67
3376.78
3361.83
3402.15
3470.55
3511.82
3464.33
3479.9
3441.93
3511.06
3520.24
3466.04
3521.29
3531.5
3545.53
3585.63
3606.9
3570.08
3589.64
3638.47
3619.88
3624.63
3586.65
3649.33
3638.64
3594.36
3576.69
3568.29
3570.06
3590.3
3611.55
3697.38
3679.78
3600.73
3608.79
3558.39
3568.93
3586.24
3535.99
3509.86
3479.08
3515.77
3567.18
3632.27
3567.31
3580.09
3554.52
3594.74
3609.24
3580.94
3649.1
3738.09
3747
3755.45
3669.05
3646.18
3681.25
3637.82
3689.02
3744.58
3815.42
3796.05
3788.28
3729.39
3687.15
3740.38
3738.37
3795.99
3720.34
3789.25
3759.28
3750.42
3821.94
3844.32
3833.87
3899.59
3880.98
3812.17
3824.23
3829.7
3846.05
3827.73
3811.03
3793.68
3861.02
3825.11
3890.49
3845.1
3832.95
3725.21
3697.31
3685.1
3735.25
3670.79
3676.18
3624.31
3585.97
3627.49
3625.7
3564.98
3460.86
3557.95
3518.36
3329.88
3383.11
3392.2
3362.35
3515.6
3538.58
3601.93
3567.07
3513.52
3572.33
3497.06
3601.55
3613.4
3642.18
3568.06
3538.27
3505.61
3442.26
3470.49
3568.68
3635.18
3612.81
3615.28
3658.48
3801.92
3803.82
3775.24
3712.59
3683.68
3695.82
3675.83
3633.64
3656.88
3742.18
3714.93
3713.85
3738.5
3745.4
3856.61
3832.3
3910
3879.19
3904.95
3831.55
3852.24
3777.59
3813.76
3798.43
3897.75
3869.2
3891.31
3885.61
3917.87
3890.88
3877.62
3812.55
3796.19
3796.64
3727.59
3677.39
3606.62
3543.76
3616.05
3558.57
3496.34
3494.3
3513.65
3556.89
3525.75
3553.76
3562.22
3505.48
3448.47
3529.26
3536.75
3545.73
3516.03
3530.44
3663.65
3661.71
3688.52
3708.58
3686.01
3715.91
3646.84
3560.87
3454.4
3424.54
3421.05
3446.46
3482.63
3529.9
3456.05
3421.25
3431.72
3397.29
3345.06
3376.54
3313.38
3256.55
3210.63
3183.03
3045.05
2935.09
2960.23
3000.56
2798.62
2849.11
2853.44
2959.99
2965.95
2897.2
2984.97
3014.78
2952.09
3045.06
3071.31
2950.64
2956.28
2908.02
2927.71
2953.5
3066.94
3084.34
3108.15
3045.11
3126.8
3122.41
3105.35
3091.48
3060.98
3068.59
3027.87
3023.03
2997.17
2927.9
2887.37
2824.46
2907.66
2865.39
2822.85
2873.23
2949.43
2962.39
2868.92
2842.56
2741.73
2872.75
2892.62
2821.3
2936.31
2942.84
2986.55
2977.82
2981.07
3028.85
3013.53
2985.91
3025.98
3050.49
3001.62
3023.92
2988.72
2892.63
2873.15
2912.18
2928.69
2922.7
2971.63
2940.33
2902.05
2837.53
2885.22
2897.2
2938.65
2884.58
2922.59
2979.09
2984.34
3043.52
3006.15
2998.59
3032.95
3024.03
3056.51
3016.91
3032.89
2995.52
2944.56
2947.47
2908.59
2915.88
2909.46
2933.31
2906.13
2905.28
2892.23
2921.5
2862.27
2888.99
2864.57
2812.83
2733.42
2672.65
2718.08
2729.32
2697.54
2716.08
2674.97
2713.72
2686.78
2633.97
2637.24
2646.18
2662.89
2598.81
2591.09
2558.49
2561.89
2553.34
2523.37
2534.04
2549.94
2588.55
2557.66
2517.32
2520.69
2445.11
2412.28
2499.53
2508.53
2577.77
2577.06
2627.98
2603.9
2631.8
2646.91
2648.08
2754.39
2752.49
2716.64
2684.34
2730.01
2669.55
2632.66
2608.95
2631.23
2675.61
2631.5
2620.53
2614.46
2546.49
2554.12
2554.74
2592.57
2579.74
2544.32
2513.16
2576.37
2597.02
2584.29
2647.78
2614.39
2611.37
2503.38
2561.3
2529.2
2484.9
2446.38
2457.33
2363.69
2279.17
2278.45
2303.59
2433.87
2431.46
2362.59
2369.81
2447.02
2457.75
2334.21
2384.22
2413.85
2369.02
2352.16
2218.29
2186.9
2158.65
2167.07
1991.62
2015.39
2098.3
1966.42
