732,6
726,5
739,4
740,6
737,9
733,4
729,4
718,5
696
679,1
679,1
662,2
641,6
632,8
605,9
615,5
597,8
586,7
620,2
663,3
653,1
658,9
648,7
632
646,1
649,5
657,4
659,6
648,7
618
615
629,8
678,9
645,9
632,3
633,8
641,3
657,4
660,9
654,7
653,3
650,8
638,9
635
618,8
619,3
612
606
600,1
593,3
584,5
578,1
581,3
593
577,8
583,5
594,5
606,6
605,3
625,2
643,5
669,4
689,9
729,9
741,3
742
709,9
731
764,7
816,8
849,4
830,8
882,3
900,8
840,3
869,4
853,3
848,5
834,2
839
864
894,8
915,2
901,7
864,8
828,5
817,9
802,4
761,8
724,4
776,8
826,1
782,2
818,9
768,7
777,9
742,1
746,6
785,3
797,9
799,9
803,6
796,8
791,4
788,8
787,2
762,9
758,9
781
792,4
790,1
794,8
822,2
833,1
820,1
840,1
849,9
852,2
846
824,2
827,6
830
829,2
820,5
803,7
817,4
821
845,9
871,8
860
857,8
843,1
824,5
812,4
816,6
838,3
831,6
814,7
811,8
820,4
816,3
812,1
819,2
813,1
813,5
826,2
841,1
842,7
838
837,3
839,8
835,1
835,1
839,1
841,2
838,2
835,4
828,1
824,7
831,7
844,8
860,8
863,1
863,8
883,6
909
925,4
911,8
929,1
906,1
882,9
874,7
885,7
885,5
885,4
880,3
878,4
890
882
884,8
879,6
869,7
845,3
838,7
846,5
827,2
805,7
805,7
810,1
798,6
812,7
825,4
825,5
814,3
789,7
801
796,3
804,4
810,7
804,1
801,7
797,5
824,7
841,4
849,8
854,3
863,1
855,3
844,6
839,6
842,4
844,4
843,8
851
817,7
817,1
834,2
842,6
837,8
841,2
847,1
837,3
834
833,2
840,3
845,7
830,3
823,8
819,1
832,2
831,1
821,1
821
813,1
810,4
800
771,7
772,7
785,1
790,1
797,1
791,9
810,7
822,9
834,6
870,5
888,6
920,5
921,1
935,7
924,7
920
915,9
925,6
913,2
903,2
919,3
925
957,7
1001
1028,9
1063,5
1065,2
1097,5
1087,4
1111,4
1114,4
1121,5
1115
1120,8
1137,5
1183
1137,7
1127,8
1123,3
1119,1
1114,8
1068,1
1064,7
1089,5
1084,3
1093,9
1101,4
1126,8
1163,1
1177,1
1207,7
1220,2
1257,3
1267,4
1282
1223,5
1218,8
1239,6
1220,1
1219,4
1249,8
1259,6
1249,5
1235,7
1203,7
1186,9
1186,1
1204,7
1192,3
1204,1
1220,8
1218,4
1208,5
1222,7
1231,1
1232,7
1232,1
1234,1
1233,2
1230,8
1242,8
1255,1
1253,7
1253
1268,5
1289,1
1290,8
1299,6
1290,3
1301,2
1298,9
1315,4
1378,1
1389,5
1400,7
1378,6
1374,7
1354,6
1342,6
1351
1358,2
1360,4
1337,4
1304,7
1261,2
1255,6
1255,7
1244,7
1252,7
1235,9
1251,1
1269,3
1297,5
1300,9
1331,2
1361,1
1371,7
1367,6
1367,1
1342,4
1352,1
1354,3
1365,7
1361,2
1369,4
1412,5
1437,8
1459,1
1451,9
1441,2
1447
1430,5
1430,1
1498,2
1513,3
1480,2
1465,1
1434,4
1415,5
1396,3
1407,7
1371,7
1347,8
1334,7
1327,1
1301,1
1292,7
1315
1335,2
1338,6
1363,2
1356,4
1351,6
1317,9
1288,1
1342
1329,9
1295,7
1311,1
1325
1318,7
1302,5
1306,4
1331,1
1360,5
1377,7
1378,2
1419,3
1449
1436,2
1413,5
1423,7
1415,4
1442
1455,3
1448
1436,8
1408,9
1401,6
1415,5
1436,7
1429
1448,3
1471,1
1507,6
1532,2
1534,7
1501,6
1496,6
1519,8
1511,2
1490,6
1495,5
1524
1517,2
1513,8
1513,9
1505,5
1513,6
1530,3
1551,6
1561,9
1559
1543,5
1541,5
1546,7
1546,2
1532,9
1522
1485
1456
1456,3
1414
1381,1
1348,6
1320,5
1361,7
1381,7
1387,8
1381,3
1424
1424,9
1417,2
1400,9
1382,7
1366,8
1380,5
1387,6
1386,8
1380,9
1387,4
1395,8
1400,3
1387,4
1394,2
1396,9
1406,7
1391,4
1386,7
1385,6
1398,2
1386,4
1368
1368
1389
1408,6
1408,9
1399,3
1398
1408
1412,2
1430,1
1451,5
1432
1428,2
1441,8
1462,5
1449,4
1456,3
1515,3
1550,3
1559,6
1552,7
1558,2
1554,8
1557,7
1597,7
1613,6
1597,2
1600,4
1653,1
1686,2
1733,2
1737,4
1685,2
1664,6
1633,4
1655,8
1692
1673,5
1699,9
1779,8
1799
1783,3
1832
1810,2
1887,9
1870,2
1891,4
1885,7
1880,1
1864,7
1842
1835,3
1865,9
1826,6
1786,2
1780,1
1750,1
1778,9
1760
1785,7
1760,6
1776,4
1801,5
1765,5
1707,3
1665,3
1696
1653,9
1624,6
1624,2
1607,9
1621,7
1623,6
1670,2
1648
1552
1563,7
1544,1
1579,2
1596,9
1589,1
1636,5
1619,3
1614
1566,5
1585,7
1607,3
1608,1
1635,7
1652,2
1665,8
1686,7
1661,9
1634,1
1611,9
1601,9
1628,1
1669,1
1648,5
1640,9
1623,9
1592,7
1604,4
1596,1
1633,4
1616,3
1637
1624,1
1617,6
1645,6
1611,7
1591,9
1590,4
1578,4
1573,2
1605,4
1618,1
1597,6
1575,3
1596,2
1612,1
1594,5
1603,8
1649,6
1649,3
1650,8
1617,3
1591,7
1573,5
1625,7
1587,2
1576,6
1566,2
1541,9
1504,4
1524,4
1490,4
1492,4
1483,1
1538
1559,6
1560,3
1578,1
1585,9
1575,3
1552,4
1502,4
1501,7
1496,7
1504,7
1481,7
1472,8
1473,6
1464,9
1463,7
1450,8
1451,3
1473,3
1492,1
1477
1487,6
1486,3
1526,6
1532
1630
1698,7
1687,2
1733,1
1709,1
1663,7
1626,5
1659,8
1665,3
1663,7
1674,4
1650,3
1664,3
1679,7
1693,7
1660,3
1646,9
1644,7
1695,4
1680,8
1702,5
1708,7
1734,8
1731,4
1746,4
1746
1777,8
1767
1755,8
1756,8
1778,4
1801,4
1781,9
1773,3
1757,5
1754,4
1733,1
1730,8
1748,6
1732,5
1740,1
1706,2
1713,7
1733,8
1719,5
1735
1758,5
1782,4
1794,1
1778,2
1784,4
1757,3
1750,3
1753,2
1678,3
1705,6
1596,5
1385,7
1589,3
1507,4
1543,9
1585
1580,4
1562,8
1576,7
1546,3
1452,7
1414,7
1421,8
1466,4
1437,4
1418,1
1408,6
1455,2
1403,3
1411,4
1395
1399,9
1409,5
1470,6
1492,7
1476,5
1504,5
1484,1
1468,6
1463,2
1445,2
1389,8
1397,3
1412
1418,7
1380,2
1392,2
1339,8
1335,8
1374,3
1450,6
1448,7
1487,2
1481,1
1434,9
1403,8
1407
1393,3
1286,1
1358,5
1357,6
1351,2
1420,1
1423,8
1416,9
1385,8
1397,9
1415
1392,3
1422,1
1468,9
1490,7
1500,6
1583,7
1596,5
1563,4
1646,1
1647,8
1731
1709,5
1708,2
1640,7
1676
1659,8
1688,9
1725,5
1773,5
1771,7
1818,1
1757,4
1781,4
1792,8
1803,6
1856,6
1789,3
1757,9
1708,5
1768,2
1860,2
1915,8
1879,1
1928,4
1903
1883
1863,5
1894,6
1862,1
1868,4
1830,8
1795,5
1820,3
1786,5
1779,1
1733
1740,7
1726,1
1735,5
1791,4
1817,1
1787,5
1788,8
1847,6
1839,2
1797
1783,8
1763,1
1760
1769,1
1810,9
1850,1
1803,7
1798,5
1837,2
1874
1879,9
1875,9
1879,2
1863,9
1869,1
1860,8
1824,8
1807,5
1800,7
1803,6
1739,4
1766,1
1747,8
1847,9
1780,3
1754,8
1727,8
1615,3
1660,2
1617,6
1515,4
1506,6
1587,5
1609,7
1673
1669,6
1627
1636,4
1528,2
1591,1
1613,8
1630,9
1634
1644,4
1623,8
1628,5
1654,8
1623,2
1603
1614,3
1630,9
1672,1
1717,6
1750,4
1736,8
1695,5
1697,3
1701,8
1773,2
1798,5
1790,2
1803,3
1811,8
1852,1
1823,6
1767,2
1823,5
1797,2
1726,3
1723,3
1709,3
1699,5
1698,9
1639,7
1670,5
1614,5
1595,7
1632,1
1614
1488,6
1529,8
1427,9
1488,6
1431,2
1500,4
1541,7
1502,3
1430,9
1434,5
1436,7
1366,7
1231,1
1217,9
1170,5
1094,7
1197,8
1152,1
1197,9
1268,8
1308,7
1255
1224
1184,7
1222,5
1186,4
1215,9
1151,4
1170,5
1123,3
1185,5
1207
1259,7
1218,2
1233,5
1231,4
1172,6
1064,6
1066,1
1017,9
1025,6
1011,4
971,3
1004,3
1055,6
1023,8
1018,1
1001,9
1049,8
1028
1068,3
1073,1
1123,8
1166,6
1203,8
1186,7
1151,6
1174,1
1224,6
1324,2
1268,1
1318,3
1286,5
1285,1
1278,3
1232,6
1203,8
1247,9
1312,4
1250,8
1231,7
1221,8
1231,9
1239,7
1206,2
1206,1
1203,4
1143,6
1138,4
1079,9
1117,9
1134,6
1156,2
1175,6
1176,6
1175,8
1170,3
1147,3
1120,6
1129,6
1127,4
1117
1127,5
1125,9
1156,6
1196,4
1247,5
1213,2
1218,8
1241,2
1289,1
1264,7
1356,9
1353,2
1434,5
1381,3
1342
1217,9
1230
